,sCD40L ,EGF ,Eotaxin ,FGF2 ,FLT3L ,Fractalkine ,GCSF ,GMCSF ,CXCL1orGROa ,IFNa2 ,IFNy ,IL1a ,IL1b ,IL1RA ,IL2 ,IL3 ,IL4 ,IL5 ,IL6 ,IL7 ,IL8orCXCL8,IL9 ,IL10 ,IL12p40 ,IL12p70 ,IL13 ,IL15 ,IL17A ,IL17E/IL25 ,IL17F ,IL18 ,IL22 ,IL27 ,CXCL10orIP10 ,CCL2orMCP1 ,CCL7orMCP3 ,MCSF ,CXCL9orMIG,CCL3orMIP1a ,CCL4orMIP1b ,PDGFAA ,PDGFABAndPDGFBB ,CCL5orRANTES ,TGFa ,TNFa ,TNFb ,VEGFA ,Eotaxin2 ,CCL8OrMCP2 ,CXCL13OrBCA1 ,CCL13orMCP4 ,CCL1orI309 ,IL16 ,CCL17orTARC ,CCL21Or6CKine,Eotaxin3 ,LIF ,TPO ,SCF ,TSLP ,IL33 ,IL20 ,IL21 ,IL23 ,TRAIL ,CCL27orCTACK ,SDF1aAndSDF1B ,CXCL5orENA78 ,CCL15orMIP1d ,IFNL2orIL28A 
sCD40L ,0.0,0.17786518496429826,0.4340295785244891,0.5776420616244997,0.5758029120766863,0.6234972776371176,0.6552818766925722,0.49375262096762,0.36389703750721786,0.6547973591491838,0.5560189911435193,0.44592317631385686,0.4862574816235894,0.5687865515519539,0.7126371067215773,0.5193160154895321,0.5855483059604393,0.4919080062491955,0.49253693138284443,0.2408732887482785,0.2880819847121375,0.4571457517078381,0.6028695606624379,0.6786443498877833,0.4401157984498287,0.49022154373172466,0.5975349500745989,0.5291534640576211,0.43666800793777727,0.6047928753349341,0.45074708689048737,0.4977918039565129,0.46996506751613665,0.5082647414408532,0.592096444111849,0.4517315494783536,0.6262988867507053,0.5187875241218779,0.4825144865911413,0.36309355376640323,0.19646862195880338,0.14428064852922629,0.626950439122268,0.4343361602973551,0.5665784027972426,0.428278131901595,0.36759781851980844,0.41458572301269353,0.586783428248464,0.5531301611836729,0.4755963439430265,0.611389624041463,0.5970136781072604,0.34489208014024136,0.6595399209558553,0.553028857649256,0.5330312743802698,0.6850661585990081,0.6115542528344262,0.5935050802581925,0.7061977375384705,0.6366257233107452,0.5651248328543415,0.5962589497830151,0.6353067792359478,0.5236024642002358,0.6314341346165713,0.37692090135638034,0.4673321319444514,0.5996732062027581
EGF ,0.17786518496429826,0.0,0.42228167518644644,0.4933871864767836,0.5168492170425848,0.6158677092154639,0.6113556377852137,0.4613860303598868,0.30199172303628496,0.5973244249779474,0.4983375320900321,0.4452976079980844,0.4511663718433154,0.5195822718434429,0.6553010308194415,0.457473933648631,0.5546223362571436,0.5420908392601815,0.4438158065624988,0.2757889428719489,0.3195150631838024,0.48011668974757843,0.5606396210756753,0.6129831908135756,0.40589782731038904,0.4941455674109165,0.5198775380886133,0.4765572566729467,0.4212244019140641,0.4892064868912126,0.5433638450505326,0.42357674598254336,0.4953094635577817,0.5580256572080876,0.5278168617109164,0.4199144415264798,0.6012196702799156,0.5737657272425652,0.47797454068057155,0.36204626711450905,0.23959308101852755,0.1844097887929641,0.6213909491145556,0.36833961363801826,0.5788720075313712,0.40410779981573486,0.37158398481152505,0.44117078433169943,0.5163259925322273,0.5407499567520934,0.44615443491918066,0.5456581400154062,0.5277358838995554,0.44443203232792533,0.5925938937847215,0.43917041312956523,0.4809649711557815,0.5341792413459278,0.5402337687873897,0.49383987757635,0.6150727683988427,0.5193265025946627,0.4543380002582691,0.48406996811766556,0.5496083780758703,0.5791167819352931,0.5810430202324975,0.37889355636367694,0.47462293130083744,0.5173397321378093
Eotaxin ,0.4340295785244891,0.42228167518644644,0.0,0.4044655997343511,0.434898800651502,0.5178743809344891,0.5570499344411664,0.3929356795884478,0.405113779198106,0.4378130157582809,0.40830482152884084,0.4103294295665111,0.435385066759918,0.4521058879543537,0.3979756510185125,0.457002415833975,0.310604417059684,0.3806287429378654,0.531669738928449,0.4637340656281914,0.39474990861475173,0.4140918636751269,0.5140213244002416,0.43082084948169447,0.41022779015890287,0.44574386299870083,0.46769388181531973,0.4882717061315991,0.4078673858093771,0.5210558096233092,0.4696610016314362,0.3679205348040714,0.4361917925829388,0.5355279755219985,0.3237484362633635,0.2829870356938176,0.5447581302507305,0.56269575765534,0.3640427655013454,0.45253151939495506,0.38368090048744946,0.3648780819363257,0.5967904331063645,0.5488542590376049,0.46683701476621364,0.4204213428288102,0.4358568083075491,0.3847827571994912,0.4520956162590797,0.5397703878211711,0.16329724316106792,0.4615877543741003,0.3982082251727485,0.4672218637308922,0.5067122545460201,0.12053357189851355,0.3386104131382197,0.5183785288002383,0.48599360608466385,0.5033632747317788,0.5058901877306357,0.4733230111321662,0.4555638770953499,0.5132281403888459,0.4659221152132493,0.4378590236353701,0.42515933382727955,0.6266055396940111,0.4910175247027965,0.379754722671914
FGF2 ,0.5776420616244997,0.4933871864767836,0.4044655997343511,0.0,0.3804122157265839,0.31256521463409304,0.4836050504752498,0.39342403621129873,0.49249422083064487,0.313262050322929,0.33301531419991515,0.26686276594137925,0.23229279722589713,0.44989074102214627,0.16652983468610405,0.3939972586478021,0.2926342341210788,0.4082333314724135,0.49506437412152215,0.42834742842379014,0.5365587252331534,0.3113631066243416,0.45188632042354554,0.3909513488921063,0.2848972017659219,0.2807746391567633,0.29822674048607756,0.22302003256783942,0.3272429407200119,0.34979864510891856,0.4412167199826781,0.32677851188545104,0.4489145240799739,0.5425922303341814,0.4680701266109494,0.33926255651339976,0.43855877007585187,0.48909913335921845,0.2999325607053815,0.5538714243212957,0.5473024311533976,0.5635484782682714,0.5332267922521244,0.41484838713547156,0.41893005901480024,0.34708526022363406,0.4844576466488776,0.4916400852211285,0.4330235738663894,0.4668671484554377,0.3920180674064225,0.4335072833446279,0.2944799039332424,0.4997629163725881,0.4342053821680044,0.31127743702333055,0.23300806044717015,0.353409855230708,0.3471136848317613,0.3188670179450073,0.4185598661408433,0.3149433724911802,0.32496814642517097,0.3482856107601612,0.4818369998076998,0.46548630767686267,0.44033565914591977,0.5659532036970127,0.5015671622909529,0.2573931126445032
FLT3L ,0.5758029120766863,0.5168492170425848,0.434898800651502,0.3804122157265839,0.0,0.31824845038588484,0.30322737518052284,0.3740702060345874,0.33946662129684035,0.3465195077561164,0.28803931527515403,0.4924005007464367,0.37546766675204746,0.39015936773872484,0.28276973450301335,0.3487620473571805,0.34166313365909906,0.28171315154242094,0.4021145727814466,0.4996015937956735,0.43650345442301886,0.4218786197421815,0.36655206150334263,0.3085231811231875,0.3504739160225351,0.3665132239790671,0.3204327063487722,0.3641081430051499,0.34646749658072273,0.46702463082973256,0.4493168768458462,0.41154220771966954,0.49928679082383165,0.31824707008291736,0.3439467543965358,0.3788778625070343,0.2913982430232679,0.35529388043162313,0.3658114720844935,0.4562540137933075,0.5127991693576531,0.5778242095412044,0.5809388623598322,0.5187532540108976,0.3213676946305444,0.4182476153161902,0.48888077639728883,0.5314767219956859,0.35806253735382465,0.5153160516067258,0.4363762006169636,0.2075982283628217,0.4528056121525561,0.4900228076300704,0.48219822772851995,0.46510019378252937,0.4534282668865376,0.45001648373361625,0.39900213455079336,0.437930674085484,0.42431817795626997,0.5093774393316463,0.4191847702777577,0.4544962455672371,0.34776369208382074,0.3383224646425633,0.41082859011322487,0.48986671468213,0.4859203055199182,0.44155320623533567
Fractalkine ,0.6234972776371176,0.6158677092154639,0.5178743809344891,0.31256521463409304,0.31824845038588484,0.0,0.41428180070135723,0.30911873112182153,0.5284488634703915,0.3276760635595827,0.2720973125150089,0.4488096241542945,0.3869429026030528,0.35979782227474916,0.2894292906009118,0.35791315420732295,0.3356471722857531,0.423451696686457,0.38087002881368237,0.49171132288636255,0.5520490089101251,0.30152745644462264,0.39710188371106303,0.3389184904105557,0.3799636039378023,0.31973639863277936,0.2981367052048392,0.3505865999594393,0.35547664137633095,0.32755220198579527,0.43631208728544124,0.42595472293370956,0.4342036742162446,0.43011773956652505,0.3410230231312892,0.38120499586761514,0.34486428219334864,0.354108943628091,0.37134444783738196,0.48733482203436496,0.6190922743139524,0.6872667434125426,0.5576773870620813,0.4087719948584957,0.26436427136806456,0.3025771369280559,0.5700955790833362,0.5746965570916469,0.39303178464091726,0.41284083850518316,0.4759612092337096,0.3289559490931864,0.41706829846322585,0.43029414867254995,0.41860415436439463,0.44599033231961704,0.33572069594128984,0.3886163128523301,0.2528005947686448,0.3549971164931969,0.4580264432607745,0.442121606651125,0.35634155608052465,0.35591188347198693,0.31215688912961637,0.3725297747238202,0.4414952203962859,0.4831471248130536,0.39848406886653337,0.40352858223866445
GCSF ,0.6552818766925722,0.6113556377852137,0.5570499344411664,0.4836050504752498,0.30322737518052284,0.41428180070135723,0.0,0.43508494895950145,0.4454700878888987,0.40688856711468124,0.29774856804407784,0.4938116339445062,0.477887667096511,0.3962976033432584,0.3357715425801103,0.3552669069605958,0.4993765517716359,0.3914259905876821,0.2889052045182027,0.54779790902058,0.5400535931853511,0.4649732049801176,0.17493296991826762,0.2920043899298269,0.4318323154196259,0.4398681025604479,0.29443550837692956,0.41451983515381846,0.4476327916314666,0.392866064341134,0.4023423041936628,0.40309749105545734,0.47529463892078266,0.23399176747985062,0.3172814195951572,0.42568156199691126,0.30001996054072244,0.336320501007885,0.4008241739749731,0.4906628708157476,0.6029284820348386,0.6538358017175271,0.42760922895428094,0.5112808775531997,0.3107639057960247,0.4391557261382685,0.49581141912070953,0.584711225565449,0.30887157789272635,0.511498788884253,0.4641958264737417,0.23937121620918106,0.4447995425560809,0.5128719363214844,0.2567642145489266,0.6162029452002287,0.45302686157351896,0.37704633535799936,0.3976353181592144,0.4609546124194864,0.4619249801739058,0.4367455259681066,0.44337286523065866,0.4978001724876721,0.3017799437928037,0.3808328843868247,0.3338784913665944,0.5410575707451646,0.4385305892814666,0.41620722119692743
GMCSF ,0.49375262096762,0.4613860303598868,0.3929356795884478,0.39342403621129873,0.3740702060345874,0.30911873112182153,0.43508494895950145,0.0,0.4504766637562323,0.40791354085074827,0.29992779277657144,0.4272242402783944,0.38128131730861603,0.42790393888464207,0.37887339284943766,0.30744741169825063,0.2610624447544595,0.35887154434483864,0.40833778222893063,0.4768765345163919,0.4490859837120598,0.37185204315426007,0.455794371070163,0.2938290069642163,0.3801922848505654,0.31989600499327475,0.4243053704159235,0.3563018938420851,0.3322431431672117,0.5147779305719825,0.4940745211619225,0.343734951091605,0.3686144460674662,0.44424950631228655,0.34369885658287597,0.33978084240140405,0.3996649978200987,0.4143861979257076,0.2593608889050636,0.3798992060953243,0.4947023373231137,0.5200080890121219,0.6482291734708719,0.5088739920798039,0.3529664399474137,0.3230934411363434,0.4747815113605344,0.5078789208402217,0.3829617051671389,0.4938142352349455,0.3842221207703496,0.337321524813599,0.40128127029225447,0.4536311676402348,0.46625081948090835,0.41427205997609357,0.3610192437717357,0.548016994429074,0.34851286784170415,0.47344040149058686,0.5575651584235761,0.5426962022502022,0.35922257911250455,0.48059763229592933,0.36732427756735264,0.4762169138127618,0.42037650061591353,0.46323291028318997,0.5545848549442637,0.38274132362276125
CXCL1orGROa ,0.36389703750721786,0.30199172303628496,0.405113779198106,0.49249422083064487,0.33946662129684035,0.5284488634703915,0.4454700878888987,0.4504766637562323,0.0,0.5643034760953648,0.40310673825322796,0.4980431559649874,0.42358061718612117,0.40428663239025386,0.5339856249214067,0.47754655321086337,0.49236312134519783,0.45037377422449,0.31700569528619227,0.3513832927882927,0.2816234872292588,0.4815715011889866,0.4156363744193009,0.5028150493194907,0.48179268058907043,0.4360677120534445,0.46002176231945857,0.46561183302861814,0.4377424679564244,0.4921848414933666,0.49011792665737036,0.3870450821983899,0.4744008066484925,0.4115419507578409,0.4157781097152297,0.33315762116156517,0.47234049101430353,0.44678680496558726,0.40687664259520173,0.3801250450303712,0.33664415483868554,0.3903320311152509,0.5800741732362936,0.4476301964714469,0.39738507771128906,0.4296226226591324,0.47713489549937727,0.4850990172046047,0.43735079095844526,0.4825390027722444,0.470122960687993,0.3607637378396591,0.5021971085225067,0.45365828723273827,0.5107707810181367,0.5206535250487269,0.47698079816008704,0.513109267138494,0.5535318111068231,0.49482351710151473,0.5936930721478191,0.5898974908597588,0.5149180934332004,0.5288372387704906,0.4410865558337671,0.4165429733288181,0.49585594322393967,0.41835364165629885,0.508414403542389,0.5168403668036476
IFNa2 ,0.6547973591491838,0.5973244249779474,0.4378130157582809,0.313262050322929,0.3465195077561164,0.3276760635595827,0.40688856711468124,0.40791354085074827,0.5643034760953648,0.0,0.24281441081577082,0.41309568558406146,0.30670274377110796,0.3998726845457796,0.2604077264481601,0.3411215000372928,0.3481219374947947,0.47113110648816314,0.4587445420917389,0.5242219935115768,0.6510607172126248,0.3739237799712417,0.3474995419140761,0.2774149586340865,0.3576494697549918,0.3221054707333132,0.23818947897421588,0.2590768338725899,0.39016942638297636,0.34014136850123977,0.47589265527025726,0.4054862736771748,0.3964540439130419,0.4052822694836181,0.36955034858463875,0.44282617361962623,0.37255048116455214,0.47154827115237125,0.3731608976907189,0.5645005680962611,0.5907132826797876,0.6346667395572367,0.6690333447940296,0.5117787425021585,0.3720424226854899,0.37887211167175044,0.46612038064210065,0.6104754113273168,0.3572562624186717,0.42950525316925087,0.472352492331483,0.35652935763942883,0.35832422654066654,0.5160032882997405,0.438981817145918,0.3821974465834832,0.23700969830799234,0.3608957283184253,0.3213822033887046,0.39456579003529707,0.3842580771828666,0.37900318958055496,0.34598564788966873,0.3794436727039103,0.2884118214754565,0.3776160966246527,0.37532881249076366,0.5136358900940972,0.4014568122300546,0.34706755515094356
IFNy ,0.5560189911435193,0.4983375320900321,0.40830482152884084,0.33301531419991515,0.28803931527515403,0.2720973125150089,0.29774856804407784,0.29992779277657144,0.40310673825322796,0.24281441081577082,0.0,0.4147801857767947,0.27709399656792677,0.33443738165516856,0.22030487795587272,0.36193773736428747,0.3233802581253671,0.43246147958741166,0.3007597402168375,0.5147509734911261,0.5347190550151582,0.4111198602710075,0.24731424862160617,0.31818074993334405,0.31295232770725534,0.29819951863428695,0.2696679697924559,0.26219125668318743,0.3859844820510766,0.39463603793573443,0.4178381971861353,0.33497215612871056,0.40686786197770386,0.2927637707695172,0.27352847569889355,0.2417029626004466,0.3114949190496754,0.33794216060591653,0.3549841009121384,0.48575493295237576,0.45286030783929554,0.5687057581510424,0.6181081795532777,0.47051110254653233,0.2795964855770574,0.16092736646894457,0.4955974586188965,0.605649903023761,0.2639331067958277,0.4477934359846167,0.42363981148122876,0.26010217283722925,0.409245580993959,0.5034971743640095,0.3835762183680661,0.4293436789943977,0.29279247180961904,0.41751256042155893,0.3772464871692246,0.41743865233340166,0.4732570459370065,0.44195226030537105,0.3704052706270816,0.44558814512621736,0.2569130371934695,0.413263992658933,0.4283036685302365,0.4873281739414044,0.43460127893483985,0.3813353579530269
IL1a ,0.44592317631385686,0.4452976079980844,0.4103294295665111,0.26686276594137925,0.4924005007464367,0.4488096241542945,0.4938116339445062,0.4272242402783944,0.4980431559649874,0.41309568558406146,0.4147801857767947,0.0,0.28619993991857323,0.3744733342437467,0.2854249404173634,0.3949304196330091,0.3051291622304516,0.4249129474885867,0.4895888836464656,0.36072953162918603,0.44870310393810126,0.3119870143708986,0.5160499294240849,0.4365468308807744,0.2688159614320139,0.37793418949471114,0.3996904324985745,0.2264895096807295,0.33666773969762254,0.40560617860755777,0.4865322395154214,0.39307499012204783,0.4527947803922598,0.5456164743077142,0.47513394625865873,0.39187628253740026,0.5019691405719098,0.44325438181060606,0.27987815382646347,0.4465442863015654,0.49991394340948125,0.4792116432020184,0.5098015191278055,0.35588504824493833,0.38939614736088213,0.4509275619337122,0.41824556525667117,0.4409890199576898,0.5182508867327158,0.49621864449479364,0.3995425234439321,0.47483191347007037,0.3147469384560323,0.4213851073578878,0.47564001757358804,0.41664268751077566,0.2412847076486737,0.4428234456295306,0.2868848250469679,0.335238141432347,0.5128685748209553,0.4141494203147571,0.3004997360853022,0.34603427217273575,0.4593671583775987,0.49763502413645194,0.4833849750688829,0.5766544810384703,0.4782733428324172,0.28979045997942693
IL1b ,0.4862574816235894,0.4511663718433154,0.435385066759918,0.23229279722589713,0.37546766675204746,0.3869429026030528,0.477887667096511,0.38128131730861603,0.42358061718612117,0.30670274377110796,0.27709399656792677,0.28619993991857323,0.0,0.47510959601236946,0.29497978784303136,0.4175160499524393,0.3012462555478163,0.419046388479106,0.4051953384716163,0.39836920771724355,0.5290566572624602,0.41100180640959944,0.42094509340123926,0.387802852054436,0.19508587116140214,0.2786057545090719,0.32201081913058904,0.20703538065010457,0.38207476462299794,0.3542948054425965,0.5005090783540393,0.3617951414430173,0.4508973558573814,0.42706076970698315,0.4890019486221636,0.3278995424231616,0.4525888391299953,0.46878764328185907,0.35467580394118936,0.4933419204107272,0.44012836597002586,0.46020971484098494,0.5752794206741224,0.4158608119626842,0.418830349054441,0.3252497437176983,0.4927886023860739,0.5362662175408023,0.42189195973103866,0.37683433092070084,0.41388652906186835,0.40274568452048354,0.33678369076421955,0.4976823883662411,0.45650720220096397,0.3456325708696477,0.36368949325867495,0.414141850396654,0.38632472154644065,0.3250295970194953,0.4182397061960102,0.4332498103899502,0.3142234584666279,0.34228667727877365,0.46025110224360455,0.498230805042321,0.45999841480970605,0.5706071390909415,0.45643649892749,0.31883011559462765
IL1RA ,0.5687865515519539,0.5195822718434429,0.4521058879543537,0.44989074102214627,0.39015936773872484,0.35979782227474916,0.3962976033432584,0.42790393888464207,0.40428663239025386,0.3998726845457796,0.33443738165516856,0.3744733342437467,0.47510959601236946,0.0,0.2986608643475239,0.39182879134450566,0.4120059816933338,0.44517337582388117,0.3332527159814911,0.4820723184262871,0.37620790459813297,0.4132081747858647,0.2919554290703191,0.34686860448108225,0.4201409876944202,0.46362454805992437,0.28786768997846934,0.3518035649876394,0.46548057294434547,0.4258380310538956,0.33985083966202645,0.45267994878388906,0.3550204184925767,0.34773933237249727,0.2538742717408243,0.30588205194627194,0.32903487982864127,0.28339291495597635,0.3292609376468133,0.33232146113062655,0.5210966737892632,0.5661114116111551,0.5379409625822147,0.34810632691021637,0.23089622028597406,0.4351329413316855,0.5800459106573214,0.5080953550369371,0.3346521918743344,0.4427528909100918,0.43949929226288514,0.2927407189165333,0.4283665944018158,0.4364820942529001,0.46031561596067705,0.47759753291994866,0.3623244352998076,0.46739459442669806,0.32699460612749365,0.4589263481231133,0.4896025729733044,0.3987019308138321,0.43115253112465657,0.4890658545761845,0.37065242578955004,0.3850781039381833,0.34865022247286,0.5054164559872111,0.38650821600979707,0.41139224495889204
IL2 ,0.7126371067215773,0.6553010308194415,0.3979756510185125,0.16652983468610405,0.28276973450301335,0.2894292906009118,0.3357715425801103,0.37887339284943766,0.5339856249214067,0.2604077264481601,0.22030487795587272,0.2854249404173634,0.29497978784303136,0.2986608643475239,0.0,0.3249325827055353,0.2827455217636671,0.3521070633857444,0.4443321411090043,0.5452487860719237,0.5622433135439854,0.34581039168154665,0.3715338484374571,0.2721375430803989,0.24458120941448075,0.3311347811172204,0.2988515506822334,0.2292464943130263,0.4004356530572088,0.27807567401293287,0.5473599620766539,0.37294016127545015,0.4293536962360768,0.44408058187517957,0.3093995084044065,0.27993961839118264,0.3271231396634122,0.41692272511723155,0.25398440794000093,0.5110654836530932,0.6449512494331489,0.6730068126957781,0.5753185718783916,0.4608744338728423,0.31850981689314145,0.2933901877152787,0.5222461967933083,0.5394676154842033,0.2885515904878153,0.5354533178059458,0.3527708338197193,0.3087816570816975,0.3005264008547235,0.4337141698981891,0.3229918806361114,0.3824239506154764,0.28587433564590103,0.3200015671465074,0.3088794804668371,0.28967626061801266,0.39058124938195493,0.3560233139625193,0.3214735897700677,0.32096740074319274,0.3163241377827607,0.41489654491119193,0.34948819514199414,0.45904834608903716,0.4934147598745347,0.28080470128776613
IL3 ,0.5193160154895321,0.457473933648631,0.457002415833975,0.3939972586478021,0.3487620473571805,0.35791315420732295,0.3552669069605958,0.30744741169825063,0.47754655321086337,0.3411215000372928,0.36193773736428747,0.3949304196330091,0.4175160499524393,0.39182879134450566,0.3249325827055353,0.0,0.4381184218558538,0.3730424545261041,0.38642725721795523,0.4781531368891554,0.46321315435459537,0.39812571967659205,0.40591035561946226,0.3504269110139104,0.3775833213473745,0.39899251434900707,0.34276876664067324,0.30314894408853243,0.4184688974204008,0.35223656737034426,0.4753413296989293,0.5004551080064383,0.5186905774466556,0.4134621045109368,0.3026230668903039,0.40601921047005285,0.3942660676889721,0.41959431663002367,0.2890649744247219,0.43076576052042065,0.5258894540853555,0.5026054511113413,0.6218807214391677,0.41190870590018436,0.4524695297245497,0.3793276799821163,0.4589133148119833,0.4956468516143656,0.37744530649302344,0.5273386658267516,0.40189234690626296,0.3358860366330808,0.3762180906713029,0.4249159998883674,0.5042030582039854,0.4912707547848365,0.37157652847924383,0.4646287351314361,0.36094727002093135,0.41219541405031496,0.5006046200688432,0.45733879203731265,0.3092014951157962,0.41567735884111706,0.450985340848121,0.4189741433722398,0.5122521208940564,0.49475527478015063,0.45461966461986997,0.38497955510921644
IL4 ,0.5855483059604393,0.5546223362571436,0.310604417059684,0.2926342341210788,0.34166313365909906,0.3356471722857531,0.4993765517716359,0.2610624447544595,0.49236312134519783,0.3481219374947947,0.3233802581253671,0.3051291622304516,0.3012462555478163,0.4120059816933338,0.2827455217636671,0.4381184218558538,0.0,0.4602763328384244,0.6083893494423205,0.46037343343665843,0.5826894432433252,0.2395435280020498,0.4967760628686,0.3838641729974767,0.24115583586043965,0.2438612196010182,0.3867433599566731,0.4061665433880926,0.22065195372882757,0.358270922860177,0.4972917975446603,0.26628562700267033,0.5361647417915997,0.6383287074824661,0.46478810846850654,0.3192000704103379,0.5452683389857778,0.6081829790094793,0.30054897212129006,0.5633107289499706,0.6828948942747188,0.5798141326104843,0.591284895945904,0.39693812402155554,0.2860871413718984,0.2750195252242381,0.45361717123570255,0.43301104180552175,0.41310846601996604,0.49393271333604494,0.30434564058661717,0.35718539642881236,0.3025070618967005,0.3766641376584662,0.36932441721907794,0.2546022887216518,0.20981067416779148,0.35050702650625043,0.28731918601806083,0.2924249874954647,0.30858469962632556,0.4121135214664135,0.36660004719206485,0.3519716864691318,0.39553394871766445,0.4183048406722617,0.4031613690865032,0.6310775413297928,0.47144960793285895,0.24919003568158754
IL5 ,0.4919080062491955,0.5420908392601815,0.3806287429378654,0.4082333314724135,0.28171315154242094,0.423451696686457,0.3914259905876821,0.35887154434483864,0.45037377422449,0.47113110648816314,0.43246147958741166,0.4249129474885867,0.419046388479106,0.44517337582388117,0.3521070633857444,0.3730424545261041,0.4602763328384244,0.0,0.41932508736040613,0.5188748824306878,0.383271880396572,0.35152158792213534,0.48054605546913265,0.3229851165141885,0.37742874245609687,0.3793107364668431,0.44164115427737016,0.4153416695594506,0.39674470195709355,0.5355806893037642,0.37115149052945984,0.45638024783881687,0.5048649195049085,0.3921306677913089,0.3737468172976213,0.34306829298918906,0.40417052130995557,0.375998983414636,0.3162553278522649,0.46108679842778016,0.4929438392493941,0.5593938374121896,0.5145124693249102,0.5191273564703246,0.3512704081537834,0.4431493420938772,0.4132689897963477,0.3499046372300235,0.43794338970864893,0.5515104436925986,0.3073504264821807,0.311673330545883,0.41497372288383955,0.4030294140384842,0.5245461227311754,0.40412482601727795,0.39007713567257307,0.5225701129170417,0.44093271017365954,0.470919517049343,0.5274702512385679,0.5352708840370144,0.43694675257955484,0.48731981657434126,0.4222397328894529,0.37095393122553455,0.3882642830772345,0.5546347805768207,0.5061043638948267,0.39706229156314676
IL6 ,0.49253693138284443,0.4438158065624988,0.531669738928449,0.49506437412152215,0.4021145727814466,0.38087002881368237,0.2889052045182027,0.40833778222893063,0.31700569528619227,0.4587445420917389,0.3007597402168375,0.4895888836464656,0.4051953384716163,0.3332527159814911,0.4443321411090043,0.38642725721795523,0.6083893494423205,0.41932508736040613,0.0,0.4167799671037964,0.35877825732477686,0.4139138213197203,0.20892572686480593,0.42193792194454605,0.43900752631238055,0.44409726518825066,0.34619566862002255,0.41486724738415043,0.5151558285182801,0.40665556677979997,0.38262182052545984,0.46693480427095985,0.4196538278575794,0.15567797131343364,0.21580173852839052,0.323949455510648,0.3576778737881925,0.18452026642620817,0.4317301937710143,0.3509346564862927,0.4268683263014375,0.5340276570449101,0.5300665111186462,0.35460754289203616,0.2741712339854663,0.34860980728121926,0.5195736155424817,0.5809738085840185,0.40323614092308896,0.38790522846201064,0.5570146837362278,0.20583168068802904,0.5013745925414435,0.49147993834600556,0.47947148986043236,0.5400382177386602,0.4704724489044408,0.5033378528244542,0.4596962005848344,0.4655476531332094,0.556766286641007,0.5093824850907361,0.4668195203376234,0.47943849611840406,0.42475424313596116,0.4354678027476139,0.4833329322618543,0.48438065345160053,0.38428841025300725,0.4945548406650821
IL7 ,0.2408732887482785,0.2757889428719489,0.4637340656281914,0.42834742842379014,0.4996015937956735,0.49171132288636255,0.54779790902058,0.4768765345163919,0.3513832927882927,0.5242219935115768,0.5147509734911261,0.36072953162918603,0.39836920771724355,0.4820723184262871,0.5452487860719237,0.4781531368891554,0.46037343343665843,0.5188748824306878,0.4167799671037964,0.0,0.3621474224734153,0.4099218287856316,0.5317858095786834,0.548737401030811,0.33771235412586065,0.38488335076978497,0.46087450453804835,0.3843501433765106,0.40056182078174585,0.46918991228729034,0.48805255287323224,0.38473301266574955,0.5357755166689855,0.5089565422731843,0.5078480954334164,0.4186647735724691,0.5489769450335309,0.5058234585566818,0.40467658883209,0.3505922654232124,0.332136842353835,0.3132419545207852,0.5877705502140772,0.39918107003781006,0.48513408814523773,0.455980044867956,0.3480269600925012,0.41797898476256057,0.5053467178862743,0.5229997279293054,0.48938121460756534,0.49741813409304975,0.504066622617995,0.40649040840263406,0.5391459467671231,0.5042523504393092,0.4091450594841187,0.5274778243677446,0.4810754323988487,0.48047335971257343,0.5973793658999291,0.528580400463978,0.4684521187005765,0.45615384809772147,0.5238293854486805,0.5503355996104122,0.5346440449303416,0.3639831373933923,0.42754922777769067,0.4890913661338727
IL8orCXCL8,0.2880819847121375,0.3195150631838024,0.39474990861475173,0.5365587252331534,0.43650345442301886,0.5520490089101251,0.5400535931853511,0.4490859837120598,0.2816234872292588,0.6510607172126248,0.5347190550151582,0.44870310393810126,0.5290566572624602,0.37620790459813297,0.5622433135439854,0.46321315435459537,0.5826894432433252,0.383271880396572,0.35877825732477686,0.3621474224734153,0.0,0.4416827703565805,0.49854759332543286,0.5520499873142011,0.4932082103417358,0.5148218363964613,0.4936377188667647,0.5141860196202277,0.5020592574119702,0.6122855759595693,0.41956857121911756,0.49414210325236496,0.482913573830408,0.41591520127580806,0.35787532020341445,0.38357767189098213,0.45208976021257,0.36913138613230106,0.3679074386099086,0.2786271745184854,0.3124209290358626,0.3624455645491418,0.54319951076505,0.35367005829793774,0.3860871831581344,0.4512238902290925,0.4266024471785342,0.4474637718409405,0.5932400129490092,0.5335078640029879,0.4903161577414341,0.41515447962766305,0.4757451060537564,0.40051934709812054,0.6048151364495603,0.5046869047398909,0.49853355939528626,0.6089988265637876,0.5335478791852639,0.5883732213705755,0.6425284615697446,0.6380902130245657,0.5193668955483618,0.571751437062093,0.5596267299699527,0.44164455494649335,0.5576411682646192,0.4016153406500024,0.502683939455668,0.514950494553727
IL9 ,0.4571457517078381,0.48011668974757843,0.4140918636751269,0.3113631066243416,0.4218786197421815,0.30152745644462264,0.4649732049801176,0.37185204315426007,0.4815715011889866,0.3739237799712417,0.4111198602710075,0.3119870143708986,0.41100180640959944,0.4132081747858647,0.34581039168154665,0.39812571967659205,0.2395435280020498,0.35152158792213534,0.4139138213197203,0.4099218287856316,0.4416827703565805,0.0,0.4856681607911797,0.3786804337423577,0.3751681840135776,0.3035469488131566,0.29933071289256635,0.3772555547340125,0.2355739110113509,0.3476137947899704,0.44011708982089265,0.3382344626240347,0.40823094814125166,0.47898719525803113,0.3871353654190059,0.4005169317589762,0.45812706709523926,0.41692271077805204,0.286865697494958,0.3997678574161847,0.5090565123542652,0.5250108906163589,0.6009172843402233,0.3509108822989804,0.32623181590741746,0.36172806219990855,0.36168962069313604,0.5240970375099752,0.4469283365823402,0.4822625839638531,0.3788087330788095,0.38222468189201575,0.28838016382649495,0.36254934892909707,0.5033180397858218,0.3910534245284425,0.18884940898821395,0.4235014268836669,0.2584599943332863,0.32807464485028,0.5229616360421756,0.461661698534655,0.2974835048274664,0.33965945724201185,0.3850770724758752,0.3920251123888348,0.42311113634568004,0.510671082430722,0.37137643426984385,0.2672941770332764
IL10 ,0.6028695606624379,0.5606396210756753,0.5140213244002416,0.45188632042354554,0.36655206150334263,0.39710188371106303,0.17493296991826762,0.455794371070163,0.4156363744193009,0.3474995419140761,0.24731424862160617,0.5160499294240849,0.42094509340123926,0.2919554290703191,0.3715338484374571,0.40591035561946226,0.4967760628686,0.48054605546913265,0.20892572686480593,0.5317858095786834,0.49854759332543286,0.4856681607911797,0.0,0.36560723410486917,0.4163226286059386,0.4622059094441006,0.24210527395569081,0.3608909049657073,0.4653866811341953,0.37480132255690224,0.3098994602583841,0.3973572245058292,0.41419110624605454,0.16835437100278278,0.2812712085900725,0.34425781243592235,0.2661777654341161,0.2769774413987651,0.42156064273288985,0.47277355689643685,0.542194693075913,0.6064597351333777,0.45152509557154424,0.4060778860479086,0.29663715266736007,0.43607289036216995,0.5712996038946891,0.614455514850142,0.282557610837214,0.40174446581107226,0.5112817733691354,0.23696868544664812,0.43571983708889495,0.5111386921610012,0.3102300683079042,0.5303904737383196,0.4193377372413606,0.3679985088389993,0.4238298667111368,0.4297077650800953,0.44745437125216647,0.39477536854449,0.4664820982621034,0.4887917997890407,0.3406569382471817,0.4067988840446262,0.3745139738952007,0.568688123038831,0.4007796571407846,0.41873993607952287
IL12p40 ,0.6786443498877833,0.6129831908135756,0.43082084948169447,0.3909513488921063,0.3085231811231875,0.3389184904105557,0.2920043899298269,0.2938290069642163,0.5028150493194907,0.2774149586340865,0.31818074993334405,0.4365468308807744,0.387802852054436,0.34686860448108225,0.2721375430803989,0.3504269110139104,0.3838641729974767,0.3229851165141885,0.42193792194454605,0.548737401030811,0.5520499873142011,0.3786804337423577,0.36560723410486917,0.0,0.4244567170660091,0.3350831024909634,0.3177960935175781,0.3450902255149575,0.36994399344324264,0.41523428568566645,0.4067044228332913,0.43750242208200046,0.4328822973748194,0.3275369615071354,0.3379784703700329,0.3974715700823203,0.3233749062176666,0.38484351517314064,0.30228446883431237,0.5046888778076137,0.6347410245591452,0.6754051308287979,0.5776483313109924,0.5281468359237399,0.3581142253837136,0.43151000947857887,0.5314468567676162,0.5670252194378953,0.3133905344470757,0.4368773898805124,0.37561296684517065,0.2854952222186322,0.377526886477017,0.5463577008523792,0.3938904519992684,0.42388152256575024,0.3588492752210728,0.41734110674431574,0.30944790383546594,0.4489506838971752,0.4360778193054322,0.4183775602401266,0.38234353124576925,0.4437585772857316,0.3128563548932901,0.3689247798694091,0.2421141964719561,0.5401757049932767,0.4694800106208582,0.36807309186789927
IL12p70 ,0.4401157984498287,0.40589782731038904,0.41022779015890287,0.2848972017659219,0.3504739160225351,0.3799636039378023,0.4318323154196259,0.3801922848505654,0.48179268058907043,0.3576494697549918,0.31295232770725534,0.2688159614320139,0.19508587116140214,0.4201409876944202,0.24458120941448075,0.3775833213473745,0.24115583586043965,0.37742874245609687,0.43900752631238055,0.33771235412586065,0.4932082103417358,0.3751681840135776,0.4163226286059386,0.4244567170660091,0.0,0.24921928276261957,0.43592800842051116,0.28840395937985575,0.2899494767604898,0.4163613609139979,0.4702541319776663,0.2795911339081523,0.5038959758819551,0.4383900553024503,0.4453371020232578,0.2468307925713396,0.5144506803992123,0.49581817803592887,0.26914879033538697,0.4814115564414391,0.479918130269749,0.48634334150167985,0.6507882793385815,0.37982720460588026,0.39965444308598275,0.24561059448385925,0.415152537425998,0.4168630405299574,0.38099342511806,0.43687140099395805,0.3444089576939561,0.3361584835211302,0.4435179121524899,0.4435189704301514,0.4737016130504286,0.37658928933161917,0.3659707266781035,0.42905047842100913,0.3552237606405935,0.36353694050793506,0.43388498558167976,0.45127844790628213,0.32907365091874763,0.35762817334707275,0.4597535523567801,0.533348125898236,0.35253519199411876,0.4443885238060077,0.39762888876944824,0.41252544358362314
IL13 ,0.49022154373172466,0.4941455674109165,0.44574386299870083,0.2807746391567633,0.3665132239790671,0.31973639863277936,0.4398681025604479,0.31989600499327475,0.4360677120534445,0.3221054707333132,0.29819951863428695,0.37793418949471114,0.2786057545090719,0.46362454805992437,0.3311347811172204,0.39899251434900707,0.2438612196010182,0.3793107364668431,0.44409726518825066,0.38488335076978497,0.5148218363964613,0.3035469488131566,0.4622059094441006,0.3350831024909634,0.24921928276261957,0.0,0.4442334003398821,0.32804078884338556,0.2970508266240043,0.40459508762206164,0.45098562083781973,0.2462631379607938,0.4904566517888614,0.44823943384904,0.47112218936681555,0.26909113016338704,0.42675996830330687,0.41713891711245316,0.3594258993797582,0.5303886484763428,0.4882683529717322,0.5620510612858489,0.7659939973870598,0.45422808682690896,0.32679404494437925,0.27771919635120257,0.4788745200920791,0.5105336733010155,0.3800774031468442,0.4421799972733223,0.3963464281607239,0.3900285977967548,0.36693547986539526,0.455626656165059,0.5775205475921843,0.3851999556108798,0.3197571705121919,0.46713790517287274,0.43295255771262353,0.38324937518158786,0.44086811291748457,0.4981477313593866,0.3461427319426228,0.39170011313535585,0.44456809805653225,0.5033692917523124,0.42228753980571837,0.4656418530425914,0.4243415149578049,0.331646532231084
IL15 ,0.5975349500745989,0.5198775380886133,0.46769388181531973,0.29822674048607756,0.3204327063487722,0.2981367052048392,0.29443550837692956,0.4243053704159235,0.46002176231945857,0.23818947897421588,0.2696679697924559,0.3996904324985745,0.32201081913058904,0.28786768997846934,0.2988515506822334,0.34276876664067324,0.3867433599566731,0.44164115427737016,0.34619566862002255,0.46087450453804835,0.4936377188667647,0.29933071289256635,0.24210527395569081,0.3177960935175781,0.43592800842051116,0.4442334003398821,0.0,0.2846353322182258,0.41717982338942483,0.2766744948271894,0.3666642699796584,0.3897579172751707,0.40496545589326916,0.3268546801329717,0.3191158628038798,0.4379213933823516,0.2624173647896107,0.39772387409918947,0.29846552073514,0.44064579015120875,0.5558362733246889,0.5744906677079805,0.48611342300659977,0.3609590730766611,0.3469713141553448,0.39658157129981203,0.4785022468875985,0.5900924964517108,0.3209639907302776,0.44130584427737957,0.4597015682385358,0.3190476098399494,0.2784633779622061,0.46029863920654873,0.31439154393426316,0.4367139074506288,0.2688801654043854,0.2765291355717485,0.25302649529968635,0.31644253766410513,0.4151580495472521,0.31406484299548043,0.33681726461050865,0.35322895140461336,0.2654378819345524,0.276207196772725,0.3804441267705406,0.5316051986445209,0.3472216603527014,0.26004069488061393
IL17A ,0.5291534640576211,0.4765572566729467,0.4882717061315991,0.22302003256783942,0.3641081430051499,0.3505865999594393,0.41451983515381846,0.3563018938420851,0.46561183302861814,0.2590768338725899,0.26219125668318743,0.2264895096807295,0.20703538065010457,0.3518035649876394,0.2292464943130263,0.30314894408853243,0.4061665433880926,0.4153416695594506,0.41486724738415043,0.3843501433765106,0.5141860196202277,0.3772555547340125,0.3608909049657073,0.3450902255149575,0.28840395937985575,0.32804078884338556,0.2846353322182258,0.0,0.3953171915377845,0.3392754307369111,0.4499515723056053,0.42011192041317,0.461152462560681,0.4344428906621759,0.41551883008405244,0.3600199498542732,0.4250629594484835,0.38379662350701094,0.2182162398161535,0.49635843994579126,0.5329328021797951,0.5446785586229752,0.5668128393246757,0.4316398760434095,0.3521175347426386,0.3344904530200222,0.44612334059979053,0.5131101064949839,0.40175799008320584,0.4446585451589078,0.45419471967802805,0.3525105920958458,0.28932566725618536,0.5113837290668195,0.387077213373788,0.4498044883530264,0.2681181892388335,0.3939637710751994,0.2828871411918039,0.33791838291653864,0.47666924726492177,0.3399182021015013,0.29171596473943956,0.3384268565064079,0.4040180059273676,0.47218555689834163,0.4223324375734986,0.5251875571731622,0.4653514123090575,0.27442874163421244
IL17E/IL25 ,0.43666800793777727,0.4212244019140641,0.4078673858093771,0.3272429407200119,0.34646749658072273,0.35547664137633095,0.4476327916314666,0.3322431431672117,0.4377424679564244,0.39016942638297636,0.3859844820510766,0.33666773969762254,0.38207476462299794,0.46548057294434547,0.4004356530572088,0.4184688974204008,0.22065195372882757,0.39674470195709355,0.5151558285182801,0.40056182078174585,0.5020592574119702,0.2355739110113509,0.4653866811341953,0.36994399344324264,0.2899494767604898,0.2970508266240043,0.41717982338942483,0.3953171915377845,0.0,0.35487287170947546,0.4443790442219947,0.22024901578531036,0.43484366905208444,0.5137229891988303,0.43471763620210396,0.31405210746723367,0.42590535950738334,0.5762175394629822,0.3165597477586066,0.5052063828447383,0.5191969621930611,0.49340279969231887,0.5768801879662498,0.408709479692157,0.45639924147042144,0.397311418686799,0.41778287785953383,0.5507651860195405,0.3951547735042351,0.5561620072883741,0.34159945960614674,0.41606254420435634,0.3006755752524422,0.4487361640212316,0.48263035984901603,0.39678152907569053,0.29974179613668916,0.4028875378996628,0.3489116399191419,0.3371098574555119,0.4601616918740477,0.38989851050998475,0.24730884292369082,0.34579241982837017,0.4368059715552566,0.518927915055109,0.39450252595076224,0.4501456224088447,0.47630847969216095,0.29403298403803213
