,EGF,Eotaxin,FGF-2,FLT3L,FKN,GCSF,GM-CSF,GRO,IFNα2,IFNγ,IL1α,IL1β,IL1Ra/Ra2,IL2,IL3,IL4,IL5,IL6,IL7,IL8,IL9,IL10,IL12-P40,IL12-P70,IL13,IL15,IP10,MCP1,MCP3,MDC,MIP1α,MIP1β,sCD40-L,TGFα,TNFα,TNFβ,VEGF
EGF,0.0,0.24399085873534893,0.27266746229004785,0.3840420258758754,0.21405410436113032,0.2600551964885322,0.22115743251327546,0.10867339554178207,0.2351374573336555,0.2546230796073648,0.3578496994173975,0.5074768178479375,0.29073100750383046,0.37014522211371087,0.4305572690997532,0.3592309078881687,0.45481044121248215,0.3284181046630266,0.4497429542573179,0.2243314953189976,0.46118991752675265,0.4377982602293402,0.3443245169138402,0.33655912037847024,0.4661432699712213,0.4583018287972735,0.18743570400680593,0.2744020696143026,0.21716886635851657,0.3251163499343459,0.21627845114598798,0.18420031730751496,0.19843428521896156,0.19493761542200405,0.24133448028385052,0.44725147184644787,0.19467226066197302
Eotaxin,0.24399085873534893,0.0,0.3749011664918528,0.3985220199195288,0.3658989000409476,0.36014257277109124,0.3209000771228584,0.26464930353248123,0.3630570505327267,0.33281738810569506,0.4569812473908751,0.530914431028304,0.4423313433208415,0.44285831490842603,0.5223774893618072,0.4405873520114949,0.48508762335814515,0.3644862436954679,0.5416153864412661,0.23789306064698423,0.5315165312601899,0.4989342643004699,0.4402657393251267,0.4483557519018347,0.5183913764554766,0.5198905284121391,0.25063205673727923,0.17124121418777777,0.37293625448384793,0.3147529232396197,0.2590589291299371,0.31626991417528194,0.26842823810902305,0.28691802684104095,0.272945315426834,0.5278743005856428,0.30200840693246667
FGF-2,0.27266746229004785,0.3749011664918528,0.0,0.3387550663118116,0.15528513869532828,0.235709757187883,0.23957393231691843,0.2828203102739293,0.18039454289714363,0.23302791922766442,0.27272428529491555,0.2813018396337582,0.16345388971398211,0.22973635435624706,0.34891747735167045,0.3797136979110124,0.2754326600543344,0.20115145637987014,0.26549316160317654,0.2509602488898155,0.33630687135483694,0.2511879106654788,0.21512934748366758,0.22560923089656226,0.3915964713800294,0.24879586099873613,0.32055278638311424,0.4182745792063419,0.1800099595777182,0.4450508655712224,0.2835581851489489,0.1792032666594413,0.42167205962088794,0.18742974759475783,0.17609465441207595,0.2814322665642929,0.2118903581244766
FLT3L,0.3840420258758754,0.3985220199195288,0.3387550663118116,0.0,0.3887305619948599,0.4807429454566963,0.3569472780308828,0.4552376396542918,0.3654688521833952,0.25491314436881235,0.2799723572370192,0.3116170244885782,0.37391428049837083,0.21017476507042648,0.2987549521287035,0.2610152268247416,0.26819645704746276,0.28315026821419537,0.3001476463868412,0.39214446463571495,0.26726473483029367,0.3549484165519138,0.2971924842121546,0.22019140231789558,0.3129832494674709,0.2524066410659883,0.46003058124891055,0.4486375068257145,0.36032097825086506,0.46459593853352105,0.3859125698309387,0.4274373158380933,0.5313271479274801,0.32558533074418283,0.36333680222908027,0.28048082262508983,0.3434507274434303
FKN,0.21405410436113032,0.3658989000409476,0.15528513869532828,0.3887305619948599,0.0,0.2382222273861394,0.2120441514286715,0.24568296207340573,0.15151066580201056,0.2641318317732411,0.2407354621389215,0.3352906538221363,0.16118267984993317,0.20788961167543046,0.38046060750225313,0.36486809564834766,0.2944795085367714,0.231087232856522,0.33354978049851003,0.26053372292110144,0.35850601291148193,0.29356542433759203,0.18910500564760607,0.23685290303444817,0.4283444347195169,0.29531037109527003,0.29909531601895845,0.4211648632224469,0.1326621296514076,0.42357693249267664,0.27809915925910733,0.09720018515947437,0.3866710247519063,0.21006756306653762,0.17007135915255056,0.2934584086029727,0.22160936611196796
GCSF,0.2600551964885322,0.36014257277109124,0.235709757187883,0.4807429454566963,0.2382222273861394,0.0,0.31817306940892176,0.23705785943603264,0.24429429303740746,0.3483441337100788,0.3503408258840177,0.45412577588366093,0.264714367608064,0.4065062658306072,0.4518623129649012,0.44699218868219426,0.46502279277464015,0.2721002432788041,0.4311230382800737,0.2945548679715765,0.4772802463459758,0.349896428521008,0.33437686469465366,0.3882253493276012,0.5238647651924373,0.43987694302090075,0.20796405353372543,0.26797603539267134,0.251638386525352,0.3986073122638137,0.298033107437197,0.22749621412545606,0.34589631873345816,0.2585447700598671,0.1913621573166307,0.4505605365435465,0.2875634695412947
GM-CSF,0.22115743251327546,0.3209000771228584,0.23957393231691843,0.3569472780308828,0.2120441514286715,0.31817306940892176,0.0,0.2477805715059727,0.17942148000847224,0.23978916782976323,0.25492702863332084,0.4354053524671433,0.3011575782901402,0.22074824604258225,0.38344838610113363,0.35333533218548147,0.3803334327441447,0.31646260509693536,0.4552335673986152,0.3470579770050147,0.37609201151425986,0.37006302363447374,0.22542389570700672,0.27753622416436574,0.3950250164142267,0.32370740216672067,0.302988490864573,0.3674200501315076,0.19101288413822698,0.363538354377924,0.26689409541962794,0.26297935272746564,0.38475623984769847,0.27988868753233387,0.31228463153928476,0.35194462195576554,0.2809092774691557
GRO,0.10867339554178207,0.26464930353248123,0.2828203102739293,0.4552376396542918,0.24568296207340573,0.23705785943603264,0.2477805715059727,0.0,0.2647066413723573,0.352505491008259,0.4054486626603497,0.5506039893670263,0.3318139257348084,0.4179372353541865,0.5286913894786203,0.4226754526406065,0.4911789835225964,0.32171689666657316,0.49724162189870474,0.1994279474149112,0.5471999184370857,0.4605704508931372,0.39566028281272736,0.4243969857466604,0.5337558551344406,0.5235838769193683,0.16755312582898196,0.26769266871094266,0.26300139058088456,0.26749410122581185,0.26011106830435554,0.2005387723761502,0.1309823193124688,0.19664297082985976,0.23084142448352318,0.510244500094951,0.2941998621027587
IFNα2,0.2351374573336555,0.3630570505327267,0.18039454289714363,0.3654688521833952,0.15151066580201056,0.24429429303740746,0.17942148000847224,0.2647066413723573,0.0,0.2480897687825006,0.20716011032280113,0.33778449762632656,0.1704066699492789,0.21180136050664933,0.3504902148179652,0.3180690070291843,0.3074978432325933,0.2607703672001319,0.3262417306927595,0.3143292223919244,0.31782634505638535,0.27951545041760323,0.19777929480979306,0.25896589490488486,0.34074041581507464,0.2743465695745547,0.2970876814562111,0.38053212121969204,0.15138378714182743,0.3988792627601704,0.29511189823875983,0.21393833304973942,0.3831825455299781,0.25106520939359056,0.229395207551224,0.2547498621317869,0.2328319359617927
IFNγ,0.2546230796073648,0.33281738810569506,0.23302791922766442,0.25491314436881235,0.2641318317732411,0.3483441337100788,0.23978916782976323,0.352505491008259,0.2480897687825006,0.0,0.29770165985047853,0.38580345331132665,0.3255032479437068,0.21194038927440334,0.39082039343157493,0.31933641345354363,0.3256920576142114,0.25356270415150906,0.36667253107155073,0.320020580794421,0.35329499420395566,0.3427989028988267,0.28826032040195515,0.19861652966415771,0.3201330637111425,0.2949830702763202,0.33633726880943476,0.3859965607013716,0.2610202092588545,0.3553045365398343,0.23894154780391186,0.3053295105501942,0.433157012914272,0.22129379113491976,0.2999231249425822,0.3409834145130214,0.1158550746100489
IL1α,0.3578496994173975,0.4569812473908751,0.27272428529491555,0.2799723572370192,0.2407354621389215,0.3503408258840177,0.25492702863332084,0.4054486626603497,0.20716011032280113,0.29770165985047853,0.0,0.3058085369758651,0.1933034594064505,0.17318414133222948,0.23803140455768368,0.29092584731334026,0.27421404127143684,0.2489792716334775,0.3212846614033847,0.36161095812324445,0.24840754434810308,0.20847855581623642,0.12696855299616977,0.268472211155674,0.3403950535250785,0.1580571874039225,0.36444261541308154,0.4313039744653798,0.16617078308793815,0.4965480190096839,0.3751095237168375,0.32871951883346306,0.5466805943736381,0.3068244300834627,0.2975751616850099,0.2021497684311811,0.340892382578115
IL1β,0.5074768178479375,0.530914431028304,0.2813018396337582,0.3116170244885782,0.3352906538221363,0.45412577588366093,0.4354053524671433,0.5506039893670263,0.33778449762632656,0.38580345331132665,0.3058085369758651,0.0,0.2328061298728012,0.24847194833529979,0.23123612272396815,0.29867963000453346,0.160721110018062,0.26795069218671186,0.1439883927700637,0.40328338604510927,0.16402798653097206,0.20364920490592614,0.2505075669744754,0.29277835534711094,0.28657795437234135,0.17267551847164936,0.5736627261539172,0.5579922421815919,0.3265781872257155,0.611609413378025,0.4274038015820819,0.36877222785107583,0.641279220195016,0.37939380578161114,0.3116470262438856,0.15858832689382957,0.41731671480023363
IL1Ra/Ra2,0.29073100750383046,0.4423313433208415,0.16345388971398211,0.37391428049837083,0.16118267984993317,0.264714367608064,0.3011575782901402,0.3318139257348084,0.1704066699492789,0.3255032479437068,0.1933034594064505,0.2328061298728012,0.0,0.20909187852135758,0.24662093559985376,0.27398065778583836,0.23115438448807318,0.2647913619594333,0.22054274669250157,0.30355675590680953,0.24381085655629275,0.23920389999248015,0.16709666398857176,0.25704981073944766,0.38187849648513406,0.21587871714495177,0.37301523691676797,0.4524075112812971,0.16294467856046713,0.5412822243779134,0.3855112908803538,0.2011525237964391,0.4686698085164208,0.22598406961568113,0.2323119140289862,0.1931591841419399,0.27691406050676703
IL2,0.37014522211371087,0.44285831490842603,0.22973635435624706,0.21017476507042648,0.20788961167543046,0.4065062658306072,0.22074824604258225,0.4179372353541865,0.21180136050664933,0.21194038927440334,0.17318414133222948,0.24847194833529979,0.20909187852135758,0.0,0.23568282193831347,0.21690999068929284,0.1359583401947249,0.2348005357045025,0.24057167541716334,0.3833704138120322,0.17642332449688014,0.23467956695191267,0.0984501749120722,0.13825717278850103,0.3120367289765694,0.10456119438382161,0.4679418015490101,0.5068912535163193,0.21222234661736156,0.5161908407621586,0.32488528559183605,0.28642336462013746,0.5935690046416071,0.22365377005389314,0.2761645754001838,0.16359501107272845,0.31664219425164203
IL3,0.4305572690997532,0.5223774893618072,0.34891747735167045,0.2987549521287035,0.38046060750225313,0.4518623129649012,0.38344838610113363,0.5286913894786203,0.3504902148179652,0.39082039343157493,0.23803140455768368,0.23123612272396815,0.24662093559985376,0.23568282193831347,0.0,0.2629630237491146,0.25075250088089135,0.3873860536215172,0.2201300674759794,0.47597128990634147,0.14022659618639605,0.23387994763617387,0.2177342233171196,0.3068311849653349,0.3680352230318681,0.17961508678052668,0.5365094071760428,0.5497812955038882,0.32890014774862075,0.6814274744503448,0.4308386150931493,0.45171888536324817,0.6680388240419122,0.3853181894314309,0.39455929355116237,0.18934680436984602,0.4603876534193408
IL4,0.3592309078881687,0.4405873520114949,0.3797136979110124,0.2610152268247416,0.36486809564834766,0.44699218868219426,0.35333533218548147,0.4226754526406065,0.3180690070291843,0.31933641345354363,0.29092584731334026,0.29867963000453346,0.27398065778583836,0.21690999068929284,0.2629630237491146,0.0,0.18272795463400865,0.3803214760248916,0.2408703875588863,0.4492322027446346,0.21666745287293154,0.35693259610013,0.2606974733333459,0.29314171034600656,0.24405203277076398,0.24299038126949274,0.5235885232057179,0.4868512280686786,0.26344067350616396,0.5376641354233233,0.45051620730832626,0.4283714397540782,0.5036049205488576,0.30345922630798033,0.40229908764447797,0.13016907307011688,0.38561242076789676
IL5,0.45481044121248215,0.48508762335814515,0.2754326600543344,0.26819645704746276,0.2944795085367714,0.46502279277464015,0.3803334327441447,0.4911789835225964,0.3074978432325933,0.3256920576142114,0.27421404127143684,0.160721110018062,0.23115438448807318,0.1359583401947249,0.25075250088089135,0.18272795463400865,0.0,0.26607804142473224,0.1480354248455944,0.4181113640798968,0.1611873103093736,0.23252250824657972,0.18406705441456,0.21700770840478767,0.24090349665563693,0.12471653090853246,0.5581211453267091,0.5529562132516559,0.263008431020617,0.6047287234842426,0.43184504875102925,0.34008410658516974,0.6365362767385301,0.26188318106703506,0.2864882185890481,0.10583241293563428,0.3780698232728461
IL6,0.3284181046630266,0.3644862436954679,0.20115145637987014,0.28315026821419537,0.231087232856522,0.2721002432788041,0.31646260509693536,0.32171689666657316,0.2607703672001319,0.25356270415150906,0.2489792716334775,0.26795069218671186,0.2647913619594333,0.2348005357045025,0.3873860536215172,0.3803214760248916,0.26607804142473224,0.0,0.29511107872954917,0.20662329732536255,0.3367708288300121,0.25269486015018505,0.2609654635045804,0.21678092535582733,0.3537916513117355,0.26769908451046776,0.32764785562383375,0.3612984505788035,0.23202976992534496,0.4528720733668651,0.25296503857043084,0.20333912609821564,0.46069669070094516,0.1917944232371171,0.1532538617061338,0.3135843070481256,0.2573714740865811
IL7,0.4497429542573179,0.5416153864412661,0.26549316160317654,0.3001476463868412,0.33354978049851003,0.4311230382800737,0.4552335673986152,0.49724162189870474,0.3262417306927595,0.36667253107155073,0.3212846614033847,0.1439883927700637,0.22054274669250157,0.24057167541716334,0.2201300674759794,0.2408703875588863,0.1480354248455944,0.29511107872954917,0.0,0.3905003223678387,0.19033936311213528,0.2603040970530943,0.26402125031560864,0.222422496800394,0.2654282249139809,0.19817407274296156,0.5730297347904119,0.5542190991939138,0.3053781091290732,0.6101105495637428,0.4427055836638436,0.3866436950211738,0.597473573343801,0.3075958356599813,0.3184332066506891,0.14908054052548964,0.36893324817211404
IL8,0.2243314953189976,0.23789306064698423,0.2509602488898155,0.39214446463571495,0.26053372292110144,0.2945548679715765,0.3470579770050147,0.1994279474149112,0.3143292223919244,0.320020580794421,0.36161095812324445,0.40328338604510927,0.30355675590680953,0.3833704138120322,0.47597128990634147,0.4492322027446346,0.4181113640798968,0.20662329732536255,0.3905003223678387,0.0,0.46712733200697854,0.3800140534763412,0.37936631281973476,0.38098234316874946,0.4920248716441094,0.4353884289438331,0.24584929647191872,0.2895848424821945,0.2657778571855113,0.33979400915155866,0.21883498816423314,0.19597359617278043,0.24690349564202407,0.19334704590538337,0.18492908856475476,0.4599970211665981,0.21967539115591755
IL9,0.46118991752675265,0.5315165312601899,0.33630687135483694,0.26726473483029367,0.35850601291148193,0.4772802463459758,0.37609201151425986,0.5471999184370857,0.31782634505638535,0.35329499420395566,0.24840754434810308,0.16402798653097206,0.24381085655629275,0.17642332449688014,0.14022659618639605,0.21666745287293154,0.1611873103093736,0.3367708288300121,0.19033936311213528,0.46712733200697854,0.0,0.2383048952847553,0.20223695152824583,0.25442366715172726,0.276091312458805,0.1522263334971659,0.5712222433907037,0.5702623232490905,0.3144856413061161,0.6627090077054162,0.440503184466134,0.4289188635116178,0.7064260837297721,0.37099709470629294,0.3746396462352978,0.14041506855708907,0.4178274272098907
IL10,0.4377982602293402,0.4989342643004699,0.2511879106654788,0.3549484165519138,0.29356542433759203,0.349896428521008,0.37006302363447374,0.4605704508931372,0.27951545041760323,0.3427989028988267,0.20847855581623642,0.20364920490592614,0.23920389999248015,0.23467956695191267,0.23387994763617387,0.35693259610013,0.23252250824657972,0.25269486015018505,0.2603040970530943,0.3800140534763412,0.2383048952847553,0.0,0.20138159087683244,0.2755560634031434,0.3804933936047677,0.11975716972169714,0.37396309343913536,0.45272857586436627,0.2377993280102137,0.5361717518096969,0.4091753044986738,0.3678029500191954,0.5844795198677502,0.33680471942912754,0.28647036765676115,0.2377025640606657,0.3999049030827605
IL12-P40,0.3443245169138402,0.4402657393251267,0.21512934748366758,0.2971924842121546,0.18910500564760607,0.33437686469465366,0.22542389570700672,0.39566028281272736,0.19777929480979306,0.28826032040195515,0.12696855299616977,0.2505075669744754,0.16709666398857176,0.0984501749120722,0.2177342233171196,0.2606974733333459,0.18406705441456,0.2609654635045804,0.26402125031560864,0.37936631281973476,0.20223695152824583,0.20138159087683244,0.0,0.2077023821494955,0.3641310809713547,0.11010998351620027,0.40140933087110886,0.476710787533684,0.17447204107509307,0.5278009051885985,0.33645238103283825,0.2711714507699785,0.5693163334315663,0.2772097249848805,0.24359639403945937,0.16272442048362318,0.3315883431492964
IL12-P70,0.33655912037847024,0.4483557519018347,0.22560923089656226,0.22019140231789558,0.23685290303444817,0.3882253493276012,0.27753622416436574,0.4243969857466604,0.25896589490488486,0.19861652966415771,0.268472211155674,0.29277835534711094,0.25704981073944766,0.13825717278850103,0.3068311849653349,0.29314171034600656,0.21700770840478767,0.21678092535582733,0.222422496800394,0.38098234316874946,0.25442366715172726,0.2755560634031434,0.2077023821494955,0.0,0.2862852466328954,0.17628524975502802,0.45520098424570854,0.49762143568503636,0.2530249599778831,0.48801527338751305,0.3489073294643017,0.30741982203598484,0.548944470986147,0.2688235991333619,0.2924146127159887,0.23776755525876608,0.2623304051725125
IL13,0.4661432699712213,0.5183913764554766,0.3915964713800294,0.3129832494674709,0.4283444347195169,0.5238647651924373,0.3950250164142267,0.5337558551344406,0.34074041581507464,0.3201330637111425,0.3403950535250785,0.28657795437234135,0.38187849648513406,0.3120367289765694,0.3680352230318681,0.24405203277076398,0.24090349665563693,0.3537916513117355,0.2654282249139809,0.4920248716441094,0.276091312458805,0.3804933936047677,0.3641310809713547,0.2862852466328954,0.0,0.28364731300464685,0.5754751341832126,0.5551739880683866,0.337040395789996,0.5619719472427431,0.4949965621747306,0.4917160747205828,0.5985061248071524,0.4321558756663979,0.44984488750006324,0.17566546419239443,0.36494155783328397
IL15,0.4583018287972735,0.5198905284121391,0.24879586099873613,0.2524066410659883,0.29531037109527003,0.43987694302090075,0.32370740216672067,0.5235838769193683,0.2743465695745547,0.2949830702763202,0.1580571874039225,0.17267551847164936,0.21587871714495177,0.10456119438382161,0.17961508678052668,0.24299038126949274,0.12471653090853246,0.26769908451046776,0.19817407274296156,0.4353884289438331,0.1522263334971659,0.11975716972169714,0.11010998351620027,0.17628524975502802,0.28364731300464685,0.0,0.49407318627740643,0.5321169469911731,0.23080749965563713,0.5854958856870613,0.4213835661660278,0.39225334205878964,0.6679483549915528,0.313497072444637,0.33377983631429176,0.12094288379853574,0.3896717422343873
IP10,0.18743570400680593,0.25063205673727923,0.32055278638311424,0.46003058124891055,0.29909531601895845,0.20796405353372543,0.302988490864573,0.16755312582898196,0.2970876814562111,0.33633726880943476,0.36444261541308154,0.5736627261539172,0.37301523691676797,0.4679418015490101,0.5365094071760428,0.5235885232057179,0.5581211453267091,0.32764785562383375,0.5730297347904119,0.24584929647191872,0.5712222433907037,0.37396309343913536,0.40140933087110886,0.45520098424570854,0.5754751341832126,0.49407318627740643,0.0,0.16661800693670653,0.30881001896332594,0.24985380494936366,0.27850375972992947,0.26765650400925445,0.2135196819819261,0.2917650950720066,0.22762308399139547,0.5684657858969548,0.28961358858061115
MCP1,0.2744020696143026,0.17124121418777777,0.4182745792063419,0.4486375068257145,0.4211648632224469,0.26797603539267134,0.3674200501315076,0.26769266871094266,0.38053212121969204,0.3859965607013716,0.4313039744653798,0.5579922421815919,0.4524075112812971,0.5068912535163193,0.5497812955038882,0.4868512280686786,0.5529562132516559,0.3612984505788035,0.5542190991939138,0.2895848424821945,0.5702623232490905,0.45272857586436627,0.476710787533684,0.49762143568503636,0.5551739880683866,0.5321169469911731,0.16661800693670653,0.0,0.3710734655186995,0.2309972603626102,0.3225282962517732,0.3676518781696817,0.22538479119764881,0.31017030065222206,0.2829791229568288,0.5660275083516159,0.36632172431565024
MCP3,0.21716886635851657,0.37293625448384793,0.1800099595777182,0.36032097825086506,0.1326621296514076,0.251638386525352,0.19101288413822698,0.26300139058088456,0.15138378714182743,0.2610202092588545,0.16617078308793815,0.3265781872257155,0.16294467856046713,0.21222234661736156,0.32890014774862075,0.26344067350616396,0.263008431020617,0.23202976992534496,0.3053781091290732,0.2657778571855113,0.3144856413061161,0.2377993280102137,0.17447204107509307,0.2530249599778831,0.337040395789996,0.23080749965563713,0.30881001896332594,0.3710734655186995,0.0,0.4211633472754829,0.29302100672138776,0.19350682880796727,0.41327518314150696,0.21417133108782727,0.2354063898435732,0.21311500867721045,0.2463956249751612
MDC,0.3251163499343459,0.3147529232396197,0.4450508655712224,0.46459593853352105,0.42357693249267664,0.3986073122638137,0.363538354377924,0.26749410122581185,0.3988792627601704,0.3553045365398343,0.4965480190096839,0.611609413378025,0.5412822243779134,0.5161908407621586,0.6814274744503448,0.5376641354233233,0.6047287234842426,0.4528720733668651,0.6101105495637428,0.33979400915155866,0.6627090077054162,0.5361717518096969,0.5278009051885985,0.48801527338751305,0.5619719472427431,0.5854958856870613,0.24985380494936366,0.2309972603626102,0.4211633472754829,0.0,0.3615143575609047,0.4170958925000258,0.18156719872613553,0.38981889217057897,0.4075083005394465,0.6194825977467382,0.34142233195991756
MIP1α,0.21627845114598798,0.2590589291299371,0.2835581851489489,0.3859125698309387,0.27809915925910733,0.298033107437197,0.26689409541962794,0.26011106830435554,0.29511189823875983,0.23894154780391186,0.3751095237168375,0.4274038015820819,0.3855112908803538,0.32488528559183605,0.4308386150931493,0.45051620730832626,0.43184504875102925,0.25296503857043084,0.4427055836638436,0.21883498816423314,0.440503184466134,0.4091753044986738,0.33645238103283825,0.3489073294643017,0.4949965621747306,0.4213835661660278,0.27850375972992947,0.3225282962517732,0.29302100672138776,0.3615143575609047,0.0,0.22430766969766563,0.3644025469364145,0.2293138172255526,0.24228753145691095,0.46160592008735146,0.24467611871760692
MIP1β,0.18420031730751496,0.31626991417528194,0.1792032666594413,0.4274373158380933,0.09720018515947437,0.22749621412545606,0.26297935272746564,0.2005387723761502,0.21393833304973942,0.3053295105501942,0.32871951883346306,0.36877222785107583,0.2011525237964391,0.28642336462013746,0.45171888536324817,0.4283714397540782,0.34008410658516974,0.20333912609821564,0.3866436950211738,0.19597359617278043,0.4289188635116178,0.3678029500191954,0.2711714507699785,0.30741982203598484,0.4917160747205828,0.39225334205878964,0.26765650400925445,0.3676518781696817,0.19350682880796727,0.4170958925000258,0.22430766969766563,0.0,0.34508900958108524,0.17617408747125296,0.12413799658787017,0.3950851088795344,0.22913709779673402
sCD40-L,0.19843428521896156,0.26842823810902305,0.42167205962088794,0.5313271479274801,0.3866710247519063,0.34589631873345816,0.38475623984769847,0.1309823193124688,0.3831825455299781,0.433157012914272,0.5466805943736381,0.641279220195016,0.4686698085164208,0.5935690046416071,0.6680388240419122,0.5036049205488576,0.6365362767385301,0.46069669070094516,0.597473573343801,0.24690349564202407,0.7064260837297721,0.5844795198677502,0.5693163334315663,0.548944470986147,0.5985061248071524,0.6679483549915528,0.2135196819819261,0.22538479119764881,0.41327518314150696,0.18156719872613553,0.3644025469364145,0.34508900958108524,0.0,0.3484711579619675,0.36967617227591343,0.6274939875447703,0.33226289214691584
TGFα,0.19493761542200405,0.28691802684104095,0.18742974759475783,0.32558533074418283,0.21006756306653762,0.2585447700598671,0.27988868753233387,0.19664297082985976,0.25106520939359056,0.22129379113491976,0.3068244300834627,0.37939380578161114,0.22598406961568113,0.22365377005389314,0.3853181894314309,0.30345922630798033,0.26188318106703506,0.1917944232371171,0.3075958356599813,0.19334704590538337,0.37099709470629294,0.33680471942912754,0.2772097249848805,0.2688235991333619,0.4321558756663979,0.313497072444637,0.2917650950720066,0.31017030065222206,0.21417133108782727,0.38981889217057897,0.2293138172255526,0.17617408747125296,0.3484711579619675,0.0,0.15108901910541295,0.3400378965894366,0.22561264887497018
TNFα,0.24133448028385052,0.272945315426834,0.17609465441207595,0.36333680222908027,0.17007135915255056,0.1913621573166307,0.31228463153928476,0.23084142448352318,0.229395207551224,0.2999231249425822,0.2975751616850099,0.3116470262438856,0.2323119140289862,0.2761645754001838,0.39455929355116237,0.40229908764447797,0.2864882185890481,0.1532538617061338,0.3184332066506891,0.18492908856475476,0.3746396462352978,0.28647036765676115,0.24359639403945937,0.2924146127159887,0.44984488750006324,0.33377983631429176,0.22762308399139547,0.2829791229568288,0.2354063898435732,0.4075083005394465,0.24228753145691095,0.12413799658787017,0.36967617227591343,0.15108901910541295,0.0,0.34645752214556813,0.24986609214953504
TNFβ,0.44725147184644787,0.5278743005856428,0.2814322665642929,0.28048082262508983,0.2934584086029727,0.4505605365435465,0.35194462195576554,0.510244500094951,0.2547498621317869,0.3409834145130214,0.2021497684311811,0.15858832689382957,0.1931591841419399,0.16359501107272845,0.18934680436984602,0.13016907307011688,0.10583241293563428,0.3135843070481256,0.14908054052548964,0.4599970211665981,0.14041506855708907,0.2377025640606657,0.16272442048362318,0.23776755525876608,0.17566546419239443,0.12094288379853574,0.5684657858969548,0.5660275083516159,0.21311500867721045,0.6194825977467382,0.46160592008735146,0.3950851088795344,0.6274939875447703,0.3400378965894366,0.34645752214556813,0.0,0.39022299542978034
VEGF,0.19467226066197302,0.30200840693246667,0.2118903581244766,0.3434507274434303,0.22160936611196796,0.2875634695412947,0.2809092774691557,0.2941998621027587,0.2328319359617927,0.1158550746100489,0.340892382578115,0.41731671480023363,0.27691406050676703,0.31664219425164203,0.4603876534193408,0.38561242076789676,0.3780698232728461,0.2573714740865811,0.36893324817211404,0.21967539115591755,0.4178274272098907,0.3999049030827605,0.3315883431492964,0.2623304051725125,0.36494155783328397,0.3896717422343873,0.28961358858061115,0.36632172431565024,0.2463956249751612,0.34142233195991756,0.24467611871760692,0.22913709779673402,0.33226289214691584,0.22561264887497018,0.24986609214953504,0.39022299542978034,0.0
